250.0    1.210601e-08
251.0    1.284706e-08
252.0    1.362502e-08
253.0    1.444146e-08
254.0    1.529800e-08
255.0    1.619623e-08
256.0    1.713774e-08
257.0    1.812416e-08
258.0    1.915709e-08
259.0    2.023814e-08
260.0    2.136891e-08
261.0    2.255103e-08
262.0    2.378612e-08
263.0    2.507579e-08
264.0    2.642167e-08
265.0    2.782538e-08
266.0    2.928855e-08
267.0    3.081281e-08
268.0    3.239980e-08
269.0    3.405113e-08
270.0    3.576846e-08
271.0    3.754427e-08
272.0    3.938990e-08
273.0    4.130754e-08
274.0    4.329939e-08
275.0    4.536765e-08
276.0    4.751454e-08
277.0    4.974226e-08
278.0    5.205302e-08
279.0    5.444903e-08
280.0    5.693253e-08
281.0    5.950578e-08
282.0    6.217093e-08
283.0    6.493024e-08
284.0    6.778590e-08
285.0    7.074016e-08
286.0    7.379525e-08
287.0    7.695338e-08
288.0    8.021681e-08
289.0    8.358777e-08
290.0    8.706850e-08
291.0    9.066636e-08
292.0    9.437815e-08
293.0    9.820588e-08
294.0    1.021513e-07
295.0    1.062166e-07
296.0    1.104036e-07
297.0    1.147142e-07
298.0    1.191505e-07
299.0    1.237142e-07
300.0    1.284075e-07
301.0    1.332084e-07
302.0    1.381440e-07
303.0    1.432179e-07
304.0    1.484334e-07
305.0    1.537939e-07
306.0    1.593029e-07
307.0    1.649637e-07
308.0    1.707797e-07
309.0    1.767545e-07
310.0    1.828913e-07
311.0    1.891982e-07
312.0    1.956739e-07
313.0    2.023213e-07
314.0    2.091439e-07
315.0    2.161445e-07
316.0    2.233265e-07
317.0    2.306930e-07
318.0    2.382471e-07
319.0    2.459921e-07
320.0    2.539311e-07
321.0    2.621048e-07
322.0    2.704765e-07
323.0    2.790474e-07
324.0    2.878181e-07
325.0    2.967897e-07
326.0    3.059630e-07
327.0    3.153390e-07
328.0    3.249185e-07
329.0    3.347024e-07
330.0    3.446918e-07
331.0    3.548451e-07
332.0    3.652081e-07
333.0    3.757843e-07
334.0    3.865771e-07
335.0    3.975899e-07
336.0    4.088263e-07
337.0    4.202896e-07
338.0    4.319834e-07
339.0    4.439112e-07
340.0    4.560765e-07
341.0    4.685238e-07
342.0    4.812131e-07
343.0    4.941452e-07
344.0    5.073213e-07
345.0    5.207422e-07
346.0    5.344091e-07
347.0    5.483227e-07
348.0    5.624842e-07
349.0    5.768944e-07
350.0    5.915544e-07
351.0    6.064707e-07
352.0    6.216382e-07
353.0    6.370579e-07
354.0    6.527303e-07
355.0    6.686560e-07
356.0    6.848356e-07
357.0    7.012699e-07
358.0    7.179594e-07
359.0    7.349049e-07
360.0    7.521069e-07
361.0    7.694875e-07
362.0    7.871306e-07
363.0    8.050417e-07
364.0    8.232262e-07
365.0    8.416893e-07
366.0    8.604366e-07
367.0    8.794735e-07
368.0    8.988054e-07
369.0    9.184379e-07
370.0    9.383760e-07
371.0    9.586940e-07
372.0    9.793246e-07
373.0    1.000270e-06
374.0    1.021529e-06
375.0    1.043106e-06
376.0    1.065000e-06
377.0    1.087213e-06
378.0    1.109746e-06
379.0    1.132601e-06
380.0    1.155778e-06
381.0    1.179446e-06
382.0    1.203428e-06
383.0    1.227717e-06
384.0    1.252304e-06
385.0    1.277179e-06
386.0    1.302335e-06
387.0    1.327763e-06
388.0    1.353452e-06
389.0    1.379395e-06
390.0    1.405583e-06
391.0    1.431691e-06
392.0    1.458046e-06
393.0    1.484656e-06
394.0    1.511532e-06
395.0    1.538685e-06
396.0    1.566126e-06
397.0    1.593863e-06
398.0    1.621908e-06
399.0    1.650270e-06
400.0    1.678960e-06
401.0    1.708183e-06
402.0    1.737744e-06
403.0    1.767639e-06
404.0    1.797870e-06
405.0    1.828431e-06
406.0    1.859324e-06
407.0    1.890546e-06
408.0    1.922096e-06
409.0    1.953971e-06
410.0    1.986172e-06
411.0    2.018696e-06
412.0    2.051541e-06
413.0    2.084707e-06
414.0    2.118190e-06
415.0    2.151991e-06
416.0    2.186107e-06
417.0    2.220537e-06
418.0    2.255280e-06
419.0    2.290333e-06
420.0    2.325694e-06
421.0    2.361364e-06
422.0    2.397340e-06
423.0    2.433620e-06
424.0    2.470204e-06
425.0    2.507089e-06
426.0    2.544273e-06
427.0    2.581755e-06
428.0    2.619535e-06
429.0    2.657608e-06
430.0    2.695976e-06
431.0    2.734636e-06
432.0    2.773586e-06
433.0    2.812824e-06
434.0    2.852349e-06
435.0    2.892160e-06
436.0    2.932256e-06
437.0    2.972633e-06
438.0    3.013291e-06
439.0    3.054228e-06
440.0    3.095442e-06
441.0    3.136891e-06
442.0    3.178617e-06
443.0    3.220621e-06
444.0    3.262902e-06
445.0    3.305464e-06
446.0    3.348306e-06
447.0    3.391429e-06
448.0    3.434834e-06
449.0    3.478523e-06
450.0    3.522496e-06
451.0    3.566847e-06
452.0    3.611479e-06
453.0    3.656386e-06
454.0    3.701564e-06
455.0    3.747008e-06
456.0    3.792713e-06
457.0    3.838675e-06
458.0    3.884887e-06
459.0    3.931347e-06
460.0    3.978049e-06
461.0    4.024946e-06
462.0    4.072079e-06
463.0    4.119444e-06
464.0    4.167039e-06
465.0    4.214862e-06
466.0    4.262911e-06
467.0    4.311184e-06
468.0    4.359678e-06
469.0    4.408390e-06
470.0    4.457320e-06
471.0    4.506464e-06
472.0    4.555819e-06
473.0    4.605385e-06
474.0    4.655158e-06
475.0    4.705136e-06
476.0    4.755317e-06
477.0    4.805698e-06
478.0    4.856278e-06
479.0    4.907054e-06
480.0    4.958023e-06
481.0    5.009184e-06
482.0    5.060533e-06
483.0    5.112070e-06
484.0    5.163790e-06
485.0    5.215693e-06
486.0    5.267776e-06
487.0    5.320036e-06
488.0    5.372471e-06
489.0    5.425079e-06
490.0    5.477857e-06
491.0    5.530800e-06
492.0    5.583908e-06
493.0    5.637180e-06
494.0    5.690613e-06
495.0    5.744207e-06
496.0    5.797959e-06
497.0    5.851867e-06
498.0    5.905928e-06
499.0    5.960142e-06
500.0    6.014505e-06
501.0    6.069026e-06
502.0    6.123693e-06
503.0    6.178501e-06
504.0    6.233449e-06
505.0    6.288534e-06
506.0    6.343754e-06
507.0    6.399104e-06
508.0    6.454584e-06
509.0    6.510190e-06
510.0    6.565919e-06
511.0    6.621765e-06
512.0    6.677729e-06
513.0    6.733810e-06
514.0    6.790004e-06
515.0    6.846309e-06
516.0    6.902722e-06
517.0    6.959243e-06
518.0    7.015867e-06
519.0    7.072592e-06
520.0    7.129417e-06
521.0    7.186338e-06
522.0    7.243354e-06
523.0    7.300461e-06
524.0    7.357657e-06
525.0    7.414941e-06
526.0    7.472309e-06
527.0    7.529759e-06
528.0    7.587289e-06
529.0    7.644895e-06
530.0    7.702577e-06
531.0    7.760331e-06
532.0    7.818155e-06
533.0    7.876046e-06
534.0    7.934002e-06
535.0    7.992021e-06
536.0    8.050100e-06
537.0    8.108236e-06
538.0    8.166428e-06
539.0    8.224673e-06
540.0    8.282968e-06
541.0    8.341321e-06
542.0    8.399720e-06
543.0    8.458160e-06
544.0    8.516640e-06
545.0    8.575154e-06
546.0    8.633700e-06
547.0    8.692275e-06
548.0    8.750877e-06
549.0    8.809501e-06
550.0    8.868145e-06
551.0    8.926791e-06
552.0    8.985451e-06
553.0    9.044123e-06
554.0    9.102806e-06
555.0    9.161496e-06
556.0    9.220191e-06
557.0    9.278890e-06
558.0    9.337590e-06
559.0    9.396293e-06
560.0    9.454986e-06
561.0    9.513661e-06
562.0    9.572336e-06
563.0    9.631003e-06
564.0    9.689650e-06
565.0    9.748299e-06
566.0    9.806928e-06
567.0    9.865539e-06
568.0    9.924141e-06
569.0    9.982724e-06
570.0    1.004129e-05
571.0    1.009984e-05
572.0    1.015838e-05
573.0    1.021689e-05
574.0    1.027538e-05
575.0    1.033383e-05
576.0    1.039225e-05
577.0    1.045064e-05
578.0    1.050900e-05
579.0    1.056733e-05
580.0    1.062561e-05
581.0    1.068385e-05
582.0    1.074204e-05
583.0    1.080020e-05
584.0    1.085831e-05
585.0    1.091636e-05
586.0    1.097436e-05
587.0    1.103231e-05
588.0    1.109020e-05
589.0    1.114804e-05
590.0    1.120582e-05
591.0    1.126357e-05
592.0    1.132127e-05
593.0    1.137888e-05
594.0    1.143642e-05
595.0    1.149388e-05
596.0    1.155125e-05
597.0    1.160853e-05
598.0    1.166572e-05
599.0    1.172280e-05
600.0    1.177978e-05
601.0    1.183655e-05
602.0    1.189322e-05
603.0    1.194978e-05
604.0    1.200622e-05
605.0    1.206256e-05
606.0    1.211880e-05
607.0    1.217494e-05
608.0    1.223096e-05
609.0    1.228689e-05
610.0    1.234271e-05
611.0    1.239847e-05
612.0    1.245413e-05
613.0    1.250968e-05
614.0    1.256513e-05
615.0    1.262047e-05
616.0    1.267571e-05
617.0    1.273083e-05
618.0    1.278584e-05
619.0    1.284074e-05
620.0    1.289552e-05
621.0    1.295020e-05
622.0    1.300474e-05
623.0    1.305917e-05
624.0    1.311349e-05
625.0    1.316767e-05
626.0    1.322174e-05
627.0    1.327568e-05
628.0    1.332949e-05
629.0    1.338318e-05
630.0    1.343673e-05
631.0    1.349015e-05
632.0    1.354344e-05
633.0    1.359659e-05
634.0    1.364961e-05
635.0    1.370249e-05
636.0    1.375524e-05
637.0    1.380784e-05
638.0    1.386030e-05
639.0    1.391262e-05
640.0    1.396479e-05
641.0    1.401685e-05
642.0    1.406876e-05
643.0    1.412053e-05
644.0    1.417213e-05
645.0    1.422356e-05
646.0    1.427484e-05
647.0    1.432595e-05
648.0    1.437688e-05
649.0    1.442764e-05
650.0    1.447823e-05
651.0    1.452857e-05
652.0    1.457874e-05
653.0    1.462872e-05
654.0    1.467851e-05
655.0    1.472813e-05
656.0    1.477756e-05
657.0    1.482680e-05
658.0    1.487586e-05
659.0    1.492473e-05
660.0    1.497342e-05
661.0    1.502189e-05
662.0    1.507018e-05
663.0    1.511827e-05
664.0    1.516618e-05
665.0    1.521393e-05
666.0    1.526147e-05
667.0    1.530885e-05
668.0    1.535605e-05
669.0    1.540307e-05
670.0    1.544991e-05
671.0    1.549662e-05
672.0    1.554314e-05
673.0    1.558950e-05
674.0    1.563567e-05
675.0    1.568168e-05
676.0    1.572749e-05
677.0    1.577314e-05
678.0    1.581861e-05
679.0    1.586390e-05
680.0    1.590901e-05
681.0    1.595395e-05
682.0    1.599870e-05
683.0    1.604327e-05
684.0    1.608766e-05
685.0    1.613187e-05
686.0    1.617590e-05
687.0    1.621974e-05
688.0    1.626341e-05
689.0    1.630688e-05
690.0    1.635018e-05
691.0    1.639339e-05
692.0    1.643641e-05
693.0    1.647923e-05
694.0    1.652185e-05
695.0    1.656425e-05
696.0    1.660644e-05
697.0    1.664840e-05
698.0    1.669014e-05
699.0    1.673163e-05
700.0    1.677288e-05
701.0    1.681368e-05
702.0    1.685424e-05
703.0    1.689457e-05
704.0    1.693465e-05
705.0    1.697450e-05
706.0    1.701413e-05
707.0    1.705354e-05
708.0    1.709272e-05
709.0    1.713170e-05
710.0    1.717047e-05
711.0    1.720912e-05
712.0    1.724757e-05
713.0    1.728581e-05
714.0    1.732385e-05
715.0    1.736169e-05
716.0    1.739933e-05
717.0    1.743678e-05
718.0    1.747402e-05
719.0    1.751106e-05
720.0    1.754790e-05
721.0    1.758455e-05
722.0    1.762099e-05
723.0    1.765723e-05
724.0    1.769328e-05
725.0    1.772912e-05
726.0    1.776477e-05
727.0    1.780022e-05
728.0    1.783547e-05
729.0    1.787053e-05
730.0    1.790538e-05
731.0    1.794003e-05
732.0    1.797450e-05
733.0    1.800877e-05
734.0    1.804283e-05
735.0    1.807670e-05
736.0    1.811038e-05
737.0    1.814385e-05
738.0    1.817713e-05
739.0    1.821022e-05
740.0    1.824311e-05
741.0    1.827580e-05
742.0    1.830830e-05
743.0    1.834060e-05
744.0    1.837271e-05
745.0    1.840463e-05
746.0    1.843634e-05
747.0    1.846786e-05
748.0    1.849920e-05
749.0    1.853033e-05
750.0    1.856128e-05
751.0    1.859202e-05
752.0    1.862258e-05
753.0    1.865295e-05
754.0    1.868312e-05
755.0    1.871310e-05
756.0    1.874288e-05
757.0    1.877247e-05
758.0    1.880187e-05
759.0    1.883108e-05
760.0    1.886010e-05
761.0    1.888893e-05
762.0    1.891756e-05
763.0    1.894601e-05
764.0    1.897426e-05
765.0    1.900233e-05
766.0    1.903020e-05
767.0    1.905788e-05
768.0    1.908538e-05
769.0    1.911268e-05
770.0    1.913979e-05
771.0    1.916672e-05
772.0    1.919346e-05
773.0    1.922001e-05
774.0    1.924636e-05
775.0    1.927253e-05
776.0    1.929851e-05
777.0    1.932431e-05
778.0    1.934991e-05
779.0    1.937533e-05
780.0    1.940056e-05
781.0    1.942561e-05
782.0    1.945047e-05
783.0    1.947514e-05
784.0    1.949962e-05
785.0    1.952392e-05
786.0    1.954803e-05
787.0    1.957197e-05
788.0    1.959570e-05
789.0    1.961926e-05
790.0    1.964264e-05
791.0    1.966585e-05
792.0    1.968889e-05
793.0    1.971173e-05
794.0    1.973439e-05
795.0    1.975685e-05
796.0    1.977911e-05
797.0    1.980119e-05
798.0    1.982306e-05
799.0    1.984474e-05
800.0    1.986622e-05
801.0    1.988743e-05
802.0    1.990843e-05
803.0    1.992924e-05
804.0    1.994986e-05
805.0    1.997027e-05
806.0    1.999050e-05
807.0    2.001054e-05
808.0    2.003040e-05
809.0    2.005007e-05
810.0    2.006955e-05
811.0    2.008889e-05
812.0    2.010805e-05
813.0    2.012704e-05
814.0    2.014585e-05
815.0    2.016447e-05
816.0    2.018292e-05
817.0    2.020120e-05
818.0    2.021929e-05
819.0    2.023722e-05
820.0    2.025496e-05
821.0    2.027252e-05
822.0    2.028992e-05
823.0    2.030714e-05
824.0    2.032418e-05
825.0    2.034104e-05
826.0    2.035775e-05
827.0    2.037427e-05
828.0    2.039061e-05
829.0    2.040679e-05
830.0    2.042279e-05
831.0    2.043862e-05
832.0    2.045427e-05
833.0    2.046976e-05
834.0    2.048508e-05
835.0    2.050022e-05
836.0    2.051520e-05
837.0    2.052999e-05
838.0    2.054463e-05
839.0    2.055909e-05
840.0    2.057339e-05
841.0    2.058751e-05
842.0    2.060147e-05
843.0    2.061526e-05
844.0    2.062888e-05
845.0    2.064234e-05
846.0    2.065563e-05
847.0    2.066875e-05
848.0    2.068170e-05
849.0    2.069449e-05
850.0    2.070711e-05
851.0    2.071957e-05
852.0    2.073186e-05
853.0    2.074399e-05
854.0    2.075595e-05
855.0    2.076775e-05
856.0    2.077939e-05
857.0    2.079087e-05
858.0    2.080218e-05
859.0    2.081332e-05
860.0    2.082431e-05
861.0    2.083514e-05
862.0    2.084580e-05
863.0    2.085630e-05
864.0    2.086665e-05
865.0    2.087682e-05
866.0    2.088685e-05
867.0    2.089671e-05
868.0    2.090641e-05
869.0    2.091595e-05
870.0    2.092533e-05
871.0    2.093456e-05
872.0    2.094363e-05
873.0    2.095254e-05
874.0    2.096129e-05
875.0    2.096989e-05
876.0    2.097832e-05
877.0    2.098661e-05
878.0    2.099474e-05
879.0    2.100271e-05
880.0    2.101053e-05
881.0    2.101819e-05
882.0    2.102570e-05
883.0    2.103306e-05
884.0    2.104026e-05
885.0    2.104731e-05
886.0    2.105421e-05
887.0    2.106095e-05
888.0    2.106754e-05
889.0    2.107398e-05
890.0    2.108027e-05
891.0    2.108650e-05
892.0    2.109257e-05
893.0    2.109847e-05
894.0    2.110421e-05
895.0    2.110979e-05
896.0    2.111518e-05
897.0    2.112040e-05
898.0    2.112543e-05
899.0    2.113027e-05
900.0    2.113491e-05
901.0    2.113917e-05
902.0    2.114325e-05
903.0    2.114712e-05
904.0    2.115082e-05
905.0    2.115434e-05
906.0    2.115768e-05
907.0    2.116085e-05
908.0    2.116387e-05
909.0    2.116672e-05
910.0    2.116943e-05
911.0    2.117207e-05
912.0    2.117458e-05
913.0    2.117693e-05
914.0    2.117914e-05
915.0    2.118121e-05
916.0    2.118314e-05
917.0    2.118492e-05
918.0    2.118656e-05
919.0    2.118806e-05
920.0    2.118943e-05
921.0    2.119065e-05
922.0    2.119173e-05
923.0    2.119268e-05
924.0    2.119349e-05
925.0    2.119415e-05
926.0    2.119469e-05
927.0    2.119508e-05
928.0    2.119535e-05
929.0    2.119548e-05
930.0    2.119547e-05
931.0    2.119532e-05
932.0    2.119505e-05
933.0    2.119465e-05
934.0    2.119411e-05
935.0    2.119344e-05
936.0    2.119263e-05
937.0    2.119171e-05
938.0    2.119064e-05
939.0    2.118945e-05
940.0    2.118813e-05
941.0    2.118668e-05
942.0    2.118511e-05
943.0    2.118340e-05
944.0    2.118158e-05
945.0    2.117962e-05
946.0    2.117754e-05
947.0    2.117533e-05
948.0    2.117300e-05
949.0    2.117055e-05
950.0    2.116798e-05
951.0    2.116528e-05
952.0    2.116246e-05
953.0    2.115952e-05
954.0    2.115646e-05
955.0    2.115327e-05
956.0    2.114998e-05
957.0    2.114655e-05
958.0    2.114302e-05
959.0    2.113937e-05
960.0    2.113560e-05
961.0    2.113171e-05
962.0    2.112770e-05
963.0    2.112358e-05
964.0    2.111935e-05
965.0    2.111500e-05
966.0    2.111053e-05
967.0    2.110596e-05
968.0    2.110127e-05
969.0    2.109647e-05
970.0    2.109156e-05
971.0    2.108653e-05
972.0    2.108140e-05
973.0    2.107616e-05
974.0    2.107081e-05
975.0    2.106535e-05
976.0    2.105978e-05
977.0    2.105410e-05
978.0    2.104832e-05
979.0    2.104244e-05
980.0    2.103644e-05
981.0    2.103035e-05
982.0    2.102414e-05
983.0    2.101783e-05
984.0    2.101143e-05
985.0    2.100491e-05
986.0    2.099829e-05
987.0    2.099158e-05
988.0    2.098476e-05
989.0    2.097785e-05
990.0    2.097083e-05
991.0    2.096371e-05
992.0    2.095650e-05
993.0    2.094919e-05
994.0    2.094177e-05
995.0    2.093427e-05
996.0    2.092667e-05
997.0    2.091897e-05
998.0    2.091118e-05
999.0    2.090329e-05
1000.0    2.089531e-05
1001.0    2.088723e-05
1002.0    2.087906e-05
1003.0    2.087081e-05
1004.0    2.086245e-05
1005.0    2.085401e-05
1006.0    2.084548e-05
1007.0    2.083685e-05
1008.0    2.082813e-05
1009.0    2.081934e-05
1010.0    2.081044e-05
1011.0    2.080147e-05
1012.0    2.079240e-05
1013.0    2.078325e-05
1014.0    2.077402e-05
1015.0    2.076469e-05
1016.0    2.075529e-05
1017.0    2.074579e-05
1018.0    2.073623e-05
1019.0    2.072656e-05
1020.0    2.071683e-05
1021.0    2.070700e-05
1022.0    2.069710e-05
1023.0    2.068712e-05
1024.0    2.067705e-05
1025.0    2.066691e-05
1026.0    2.065669e-05
1027.0    2.064639e-05
1028.0    2.063602e-05
1029.0    2.062557e-05
1030.0    2.061504e-05
1031.0    2.060443e-05
1032.0    2.059375e-05
1033.0    2.058300e-05
1034.0    2.057216e-05
1035.0    2.056127e-05
1036.0    2.055029e-05
1037.0    2.053924e-05
1038.0    2.052812e-05
1039.0    2.051693e-05
1040.0    2.050567e-05
1041.0    2.049426e-05
1042.0    2.048278e-05
1043.0    2.047124e-05
1044.0    2.045965e-05
1045.0    2.044801e-05
1046.0    2.043634e-05
1047.0    2.042461e-05
1048.0    2.041287e-05
1049.0    2.040110e-05
1050.0    2.038930e-05
1051.0    2.037767e-05
1052.0    2.036601e-05
1053.0    2.035433e-05
1054.0    2.034262e-05
1055.0    2.033088e-05
1056.0    2.031910e-05
1057.0    2.030727e-05
1058.0    2.029540e-05
1059.0    2.028347e-05
1060.0    2.027148e-05
1061.0    2.025934e-05
1062.0    2.024713e-05
1063.0    2.023486e-05
1064.0    2.022254e-05
1065.0    2.021015e-05
1066.0    2.019769e-05
1067.0    2.018519e-05
1068.0    2.017261e-05
1069.0    2.015997e-05
1070.0    2.014728e-05
1071.0    2.013452e-05
1072.0    2.012170e-05
1073.0    2.010883e-05
1074.0    2.009590e-05
1075.0    2.008290e-05
1076.0    2.006986e-05
1077.0    2.005674e-05
1078.0    2.004358e-05
1079.0    2.003036e-05
1080.0    2.001708e-05
1081.0    2.000374e-05
1082.0    1.999035e-05
1083.0    1.997691e-05
1084.0    1.996341e-05
1085.0    1.994985e-05
1086.0    1.993624e-05
1087.0    1.992258e-05
1088.0    1.990887e-05
1089.0    1.989510e-05
1090.0    1.988128e-05
1091.0    1.986741e-05
1092.0    1.985348e-05
1093.0    1.983950e-05
1094.0    1.982547e-05
1095.0    1.981140e-05
1096.0    1.979727e-05
1097.0    1.978309e-05
1098.0    1.976886e-05
1099.0    1.975458e-05
1100.0    1.974025e-05
1101.0    1.972588e-05
1102.0    1.971145e-05
1103.0    1.969697e-05
1104.0    1.968246e-05
1105.0    1.966790e-05
1106.0    1.965328e-05
1107.0    1.963862e-05
1108.0    1.962391e-05
1109.0    1.960917e-05
1110.0    1.959437e-05
1111.0    1.957953e-05
1112.0    1.956465e-05
1113.0    1.954972e-05
1114.0    1.953475e-05
1115.0    1.951974e-05
1116.0    1.950468e-05
1117.0    1.948958e-05
1118.0    1.947444e-05
1119.0    1.945926e-05
1120.0    1.944404e-05
1121.0    1.942878e-05
1122.0    1.941348e-05
1123.0    1.939812e-05
1124.0    1.938274e-05
1125.0    1.936731e-05
1126.0    1.935186e-05
1127.0    1.933635e-05
1128.0    1.932082e-05
1129.0    1.930524e-05
1130.0    1.928962e-05
1131.0    1.927397e-05
1132.0    1.925828e-05
1133.0    1.924256e-05
1134.0    1.922680e-05
1135.0    1.921100e-05
1136.0    1.919518e-05
1137.0    1.917930e-05
1138.0    1.916341e-05
1139.0    1.914748e-05
1140.0    1.913151e-05
1141.0    1.911549e-05
1142.0    1.909945e-05
1143.0    1.908337e-05
1144.0    1.906726e-05
1145.0    1.905112e-05
1146.0    1.903496e-05
1147.0    1.901878e-05
1148.0    1.900257e-05
1149.0    1.898633e-05
1150.0    1.897008e-05
1151.0    1.895384e-05
1152.0    1.893758e-05
1153.0    1.892130e-05
1154.0    1.890499e-05
1155.0    1.888867e-05
1156.0    1.887232e-05
1157.0    1.885593e-05
1158.0    1.883954e-05
1159.0    1.882310e-05
1160.0    1.880664e-05
1161.0    1.879014e-05
1162.0    1.877361e-05
1163.0    1.875704e-05
1164.0    1.874045e-05
1165.0    1.872384e-05
1166.0    1.870719e-05
1167.0    1.869051e-05
1168.0    1.867382e-05
1169.0    1.865709e-05
1170.0    1.864034e-05
1171.0    1.862356e-05
1172.0    1.860675e-05
1173.0    1.858993e-05
1174.0    1.857307e-05
1175.0    1.855619e-05
1176.0    1.853927e-05
1177.0    1.852235e-05
1178.0    1.850539e-05
1179.0    1.848841e-05
1180.0    1.847141e-05
1181.0    1.845438e-05
1182.0    1.843733e-05
1183.0    1.842026e-05
1184.0    1.840316e-05
1185.0    1.838605e-05
1186.0    1.836890e-05
1187.0    1.835174e-05
1188.0    1.833455e-05
1189.0    1.831734e-05
1190.0    1.830012e-05
1191.0    1.828285e-05
1192.0    1.826556e-05
1193.0    1.824825e-05
1194.0    1.823093e-05
1195.0    1.821359e-05
1196.0    1.819624e-05
1197.0    1.817888e-05
1198.0    1.816150e-05
1199.0    1.814412e-05
1200.0    1.812672e-05
1201.0    1.810935e-05
1202.0    1.809198e-05
1203.0    1.807459e-05
1204.0    1.805721e-05
1205.0    1.803980e-05
1206.0    1.802239e-05
1207.0    1.800496e-05
1208.0    1.798752e-05
1209.0    1.797007e-05
1210.0    1.795261e-05
1211.0    1.793512e-05
1212.0    1.791760e-05
1213.0    1.790008e-05
1214.0    1.788254e-05
1215.0    1.786498e-05
1216.0    1.784741e-05
1217.0    1.782983e-05
1218.0    1.781223e-05
1219.0    1.779462e-05
1220.0    1.777699e-05
1221.0    1.775936e-05
1222.0    1.774170e-05
1223.0    1.772404e-05
1224.0    1.770636e-05
1225.0    1.768867e-05
1226.0    1.767097e-05
1227.0    1.765324e-05
1228.0    1.763552e-05
1229.0    1.761777e-05
1230.0    1.760002e-05
1231.0    1.758225e-05
1232.0    1.756447e-05
1233.0    1.754668e-05
1234.0    1.752888e-05
1235.0    1.751107e-05
1236.0    1.749324e-05
1237.0    1.747540e-05
1238.0    1.745755e-05
1239.0    1.743969e-05
1240.0    1.742182e-05
1241.0    1.740394e-05
1242.0    1.738604e-05
1243.0    1.736814e-05
1244.0    1.735022e-05
1245.0    1.733230e-05
1246.0    1.731436e-05
1247.0    1.729642e-05
1248.0    1.727846e-05
1249.0    1.726050e-05
1250.0    1.724252e-05
1251.0    1.722454e-05
1252.0    1.720653e-05
1253.0    1.718853e-05
1254.0    1.717052e-05
1255.0    1.715250e-05
1256.0    1.713447e-05
1257.0    1.711643e-05
1258.0    1.709838e-05
1259.0    1.708032e-05
1260.0    1.706226e-05
1261.0    1.704418e-05
1262.0    1.702610e-05
1263.0    1.700801e-05
1264.0    1.698991e-05
1265.0    1.697180e-05
1266.0    1.695369e-05
1267.0    1.693557e-05
1268.0    1.691745e-05
1269.0    1.689931e-05
1270.0    1.688117e-05
1271.0    1.686302e-05
1272.0    1.684486e-05
1273.0    1.682670e-05
1274.0    1.680853e-05
1275.0    1.679036e-05
1276.0    1.677218e-05
1277.0    1.675400e-05
1278.0    1.673580e-05
1279.0    1.671760e-05
1280.0    1.669940e-05
1281.0    1.668119e-05
1282.0    1.666297e-05
1283.0    1.664474e-05
1284.0    1.662652e-05
1285.0    1.660829e-05
1286.0    1.659005e-05
1287.0    1.657180e-05
1288.0    1.655357e-05
1289.0    1.653531e-05
1290.0    1.651706e-05
1291.0    1.649876e-05
1292.0    1.648044e-05
1293.0    1.646214e-05
1294.0    1.644385e-05
1295.0    1.642555e-05
1296.0    1.640727e-05
1297.0    1.638900e-05
1298.0    1.637075e-05
1299.0    1.635252e-05
1300.0    1.633430e-05
1301.0    1.631620e-05
1302.0    1.629812e-05
1303.0    1.628005e-05
1304.0    1.626201e-05
1305.0    1.624397e-05
1306.0    1.622595e-05
1307.0    1.620795e-05
1308.0    1.618995e-05
1309.0    1.617195e-05
1310.0    1.615396e-05
1311.0    1.613592e-05
1312.0    1.611790e-05
1313.0    1.609987e-05
1314.0    1.608184e-05
1315.0    1.606381e-05
1316.0    1.604578e-05
1317.0    1.602776e-05
1318.0    1.600973e-05
1319.0    1.599171e-05
1320.0    1.597369e-05
1321.0    1.595567e-05
1322.0    1.593765e-05
1323.0    1.591964e-05
1324.0    1.590163e-05
1325.0    1.588361e-05
1326.0    1.586560e-05
1327.0    1.584759e-05
1328.0    1.582959e-05
1329.0    1.581158e-05
1330.0    1.579358e-05
1331.0    1.577558e-05
1332.0    1.575758e-05
1333.0    1.573959e-05
1334.0    1.572159e-05
1335.0    1.570360e-05
1336.0    1.568562e-05
1337.0    1.566764e-05
1338.0    1.564965e-05
1339.0    1.563167e-05
1340.0    1.561370e-05
1341.0    1.559572e-05
1342.0    1.557775e-05
1343.0    1.555979e-05
1344.0    1.554183e-05
1345.0    1.552387e-05
1346.0    1.550590e-05
1347.0    1.548795e-05
1348.0    1.547001e-05
1349.0    1.545206e-05
1350.0    1.543411e-05
1351.0    1.541617e-05
1352.0    1.539823e-05
1353.0    1.538030e-05
1354.0    1.536238e-05
1355.0    1.534446e-05
1356.0    1.532653e-05
1357.0    1.530862e-05
1358.0    1.529071e-05
1359.0    1.527280e-05
1360.0    1.525490e-05
1361.0    1.523700e-05
1362.0    1.521910e-05
1363.0    1.520121e-05
1364.0    1.518333e-05
1365.0    1.516545e-05
1366.0    1.514757e-05
1367.0    1.512970e-05
1368.0    1.511183e-05
1369.0    1.509397e-05
1370.0    1.507612e-05
1371.0    1.505826e-05
1372.0    1.504042e-05
1373.0    1.502258e-05
1374.0    1.500474e-05
1375.0    1.498691e-05
1376.0    1.496909e-05
1377.0    1.495127e-05
1378.0    1.493346e-05
1379.0    1.491565e-05
1380.0    1.489785e-05
1381.0    1.488005e-05
1382.0    1.486226e-05
1383.0    1.484447e-05
1384.0    1.482670e-05
1385.0    1.480893e-05
1386.0    1.479116e-05
1387.0    1.477340e-05
1388.0    1.475564e-05
1389.0    1.473790e-05
1390.0    1.472016e-05
1391.0    1.470243e-05
1392.0    1.468470e-05
1393.0    1.466698e-05
1394.0    1.464926e-05
1395.0    1.463156e-05
1396.0    1.461385e-05
1397.0    1.459616e-05
1398.0    1.457848e-05
1399.0    1.456080e-05
1400.0    1.454313e-05
1401.0    1.452546e-05
1402.0    1.450780e-05
1403.0    1.449016e-05
1404.0    1.447251e-05
1405.0    1.445487e-05
1406.0    1.443724e-05
1407.0    1.441962e-05
1408.0    1.440201e-05
1409.0    1.438440e-05
1410.0    1.436681e-05
1411.0    1.434922e-05
1412.0    1.433164e-05
1413.0    1.431406e-05
1414.0    1.429650e-05
1415.0    1.427894e-05
1416.0    1.426139e-05
1417.0    1.424386e-05
1418.0    1.422633e-05
1419.0    1.420880e-05
1420.0    1.419128e-05
1421.0    1.417378e-05
1422.0    1.415628e-05
1423.0    1.413879e-05
1424.0    1.412131e-05
1425.0    1.410384e-05
1426.0    1.408637e-05
1427.0    1.406892e-05
1428.0    1.405148e-05
1429.0    1.403405e-05
1430.0    1.401662e-05
1431.0    1.399920e-05
1432.0    1.398180e-05
1433.0    1.396440e-05
1434.0    1.394701e-05
1435.0    1.392964e-05
1436.0    1.391227e-05
1437.0    1.389492e-05
1438.0    1.387757e-05
1439.0    1.386023e-05
1440.0    1.384290e-05
1441.0    1.382558e-05
1442.0    1.380828e-05
1443.0    1.379097e-05
1444.0    1.377369e-05
1445.0    1.375641e-05
1446.0    1.373914e-05
1447.0    1.372188e-05
1448.0    1.370464e-05
1449.0    1.368740e-05
1450.0    1.367018e-05
1451.0    1.365297e-05
1452.0    1.363576e-05
1453.0    1.361856e-05
1454.0    1.360139e-05
1455.0    1.358422e-05
1456.0    1.356706e-05
1457.0    1.354991e-05
1458.0    1.353276e-05
1459.0    1.351564e-05
1460.0    1.349853e-05
1461.0    1.348142e-05
1462.0    1.346433e-05
1463.0    1.344726e-05
1464.0    1.343019e-05
1465.0    1.341314e-05
1466.0    1.339609e-05
1467.0    1.337906e-05
1468.0    1.336204e-05
1469.0    1.334503e-05
1470.0    1.332803e-05
1471.0    1.331105e-05
1472.0    1.329408e-05
1473.0    1.327712e-05
1474.0    1.326017e-05
1475.0    1.324323e-05
1476.0    1.322632e-05
1477.0    1.320940e-05
1478.0    1.319251e-05
1479.0    1.317562e-05
1480.0    1.315875e-05
1481.0    1.314189e-05
1482.0    1.312505e-05
1483.0    1.310821e-05
1484.0    1.309139e-05
1485.0    1.307459e-05
1486.0    1.305779e-05
1487.0    1.304101e-05
1488.0    1.302424e-05
1489.0    1.300749e-05
1490.0    1.299075e-05
1491.0    1.297403e-05
1492.0    1.295731e-05
1493.0    1.294061e-05
1494.0    1.292392e-05
1495.0    1.290726e-05
1496.0    1.289060e-05
1497.0    1.287395e-05
1498.0    1.285732e-05
1499.0    1.284071e-05
1500.0    1.282411e-05
1501.0    1.280752e-05
1502.0    1.279095e-05
1503.0    1.277439e-05
1504.0    1.275785e-05
1505.0    1.274132e-05
1506.0    1.272481e-05
1507.0    1.270831e-05
1508.0    1.269183e-05
1509.0    1.267535e-05
1510.0    1.265890e-05
1511.0    1.264246e-05
1512.0    1.262604e-05
1513.0    1.260963e-05
1514.0    1.259323e-05
1515.0    1.257685e-05
1516.0    1.256049e-05
1517.0    1.254415e-05
1518.0    1.252781e-05
1519.0    1.251150e-05
1520.0    1.249519e-05
1521.0    1.247891e-05
1522.0    1.246264e-05
1523.0    1.244638e-05
1524.0    1.243015e-05
1525.0    1.241392e-05
1526.0    1.239771e-05
1527.0    1.238153e-05
1528.0    1.236535e-05
1529.0    1.234919e-05
1530.0    1.233305e-05
1531.0    1.231691e-05
1532.0    1.230079e-05
1533.0    1.228469e-05
1534.0    1.226861e-05
1535.0    1.225254e-05
1536.0    1.223651e-05
1537.0    1.222048e-05
1538.0    1.220448e-05
1539.0    1.218850e-05
1540.0    1.217254e-05
1541.0    1.215663e-05
1542.0    1.214073e-05
1543.0    1.212486e-05
1544.0    1.210901e-05
1545.0    1.209319e-05
1546.0    1.207738e-05
1547.0    1.206158e-05
1548.0    1.204581e-05
1549.0    1.203006e-05
1550.0    1.201432e-05
1551.0    1.199858e-05
1552.0    1.198286e-05
1553.0    1.196715e-05
1554.0    1.195147e-05
1555.0    1.193580e-05
1556.0    1.192014e-05
1557.0    1.190450e-05
1558.0    1.188887e-05
1559.0    1.187327e-05
1560.0    1.185767e-05
1561.0    1.184210e-05
1562.0    1.182655e-05
1563.0    1.181100e-05
1564.0    1.179547e-05
1565.0    1.177996e-05
1566.0    1.176447e-05
1567.0    1.174899e-05
1568.0    1.173353e-05
1569.0    1.171809e-05
1570.0    1.170266e-05
1571.0    1.168726e-05
1572.0    1.167186e-05
1573.0    1.165648e-05
1574.0    1.164113e-05
1575.0    1.162579e-05
1576.0    1.161046e-05
1577.0    1.159515e-05
1578.0    1.157986e-05
1579.0    1.156459e-05
1580.0    1.154933e-05
1581.0    1.153410e-05
1582.0    1.151887e-05
1583.0    1.150367e-05
1584.0    1.148848e-05
1585.0    1.147331e-05
1586.0    1.145816e-05
1587.0    1.144303e-05
1588.0    1.142791e-05
1589.0    1.141281e-05
1590.0    1.139773e-05
1591.0    1.138265e-05
1592.0    1.136759e-05
1593.0    1.135255e-05
1594.0    1.133753e-05
1595.0    1.132253e-05
1596.0    1.130756e-05
1597.0    1.129260e-05
1598.0    1.127766e-05
1599.0    1.126276e-05
1600.0    1.124787e-05
1601.0    1.123303e-05
1602.0    1.121821e-05
1603.0    1.120342e-05
1604.0    1.118866e-05
1605.0    1.117391e-05
1606.0    1.115918e-05
1607.0    1.114449e-05
1608.0    1.112980e-05
1609.0    1.111514e-05
1610.0    1.110049e-05
1611.0    1.108585e-05
1612.0    1.107124e-05
1613.0    1.105664e-05
1614.0    1.104206e-05
1615.0    1.102751e-05
1616.0    1.101296e-05
1617.0    1.099844e-05
1618.0    1.098393e-05
1619.0    1.096944e-05
1620.0    1.095497e-05
1621.0    1.094052e-05
1622.0    1.092609e-05
1623.0    1.091168e-05
1624.0    1.089729e-05
1625.0    1.088291e-05
1626.0    1.086855e-05
1627.0    1.085421e-05
1628.0    1.083989e-05
1629.0    1.082559e-05
1630.0    1.081131e-05
1631.0    1.079704e-05
1632.0    1.078280e-05
1633.0    1.076856e-05
1634.0    1.075435e-05
1635.0    1.074017e-05
1636.0    1.072599e-05
1637.0    1.071184e-05
1638.0    1.069770e-05
1639.0    1.068357e-05
1640.0    1.066947e-05
1641.0    1.065539e-05
1642.0    1.064132e-05
1643.0    1.062727e-05
1644.0    1.061325e-05
1645.0    1.059923e-05
1646.0    1.058524e-05
1647.0    1.057126e-05
1648.0    1.055730e-05
1649.0    1.054336e-05
1650.0    1.052944e-05
1651.0    1.051553e-05
1652.0    1.050165e-05
1653.0    1.048778e-05
1654.0    1.047392e-05
1655.0    1.046009e-05
1656.0    1.044628e-05
1657.0    1.043248e-05
1658.0    1.041869e-05
1659.0    1.040494e-05
1660.0    1.039119e-05
1661.0    1.037746e-05
1662.0    1.036375e-05
1663.0    1.035006e-05
1664.0    1.033638e-05
1665.0    1.032272e-05
1666.0    1.030908e-05
1667.0    1.029545e-05
1668.0    1.028185e-05
1669.0    1.026826e-05
1670.0    1.025469e-05
1671.0    1.024115e-05
1672.0    1.022761e-05
1673.0    1.021409e-05
1674.0    1.020059e-05
1675.0    1.018710e-05
1676.0    1.017364e-05
1677.0    1.016019e-05
1678.0    1.014676e-05
1679.0    1.013335e-05
1680.0    1.011995e-05
1681.0    1.010657e-05
1682.0    1.009320e-05
1683.0    1.007987e-05
1684.0    1.006654e-05
1685.0    1.005322e-05
1686.0    1.003993e-05
1687.0    1.002665e-05
1688.0    1.001340e-05
1689.0    1.000015e-05
1690.0    9.986926e-06
1691.0    9.973720e-06
1692.0    9.960542e-06
1693.0    9.947374e-06
1694.0    9.934215e-06
1695.0    9.921076e-06
1696.0    9.907955e-06
1697.0    9.894853e-06
1698.0    9.881751e-06
1699.0    9.868669e-06
1700.0    9.855605e-06
1701.0    9.842540e-06
1702.0    9.829476e-06
1703.0    9.816440e-06
1704.0    9.803413e-06
1705.0    9.790396e-06
1706.0    9.777398e-06
1707.0    9.764407e-06
1708.0    9.751437e-06
1709.0    9.738481e-06
1710.0    9.725542e-06
1711.0    9.712625e-06
1712.0    9.699722e-06
1713.0    9.686838e-06
1714.0    9.673968e-06
1715.0    9.661115e-06
1716.0    9.648278e-06
1717.0    9.635457e-06
1718.0    9.622652e-06
1719.0    9.609862e-06
1720.0    9.597090e-06
1721.0    9.584332e-06
1722.0    9.571591e-06
1723.0    9.558866e-06
1724.0    9.546157e-06
1725.0    9.533464e-06
1726.0    9.520786e-06
1727.0    9.508125e-06
1728.0    9.495480e-06
1729.0    9.482850e-06
1730.0    9.470237e-06
1731.0    9.457639e-06
1732.0    9.445057e-06
1733.0    9.432491e-06
1734.0    9.419940e-06
1735.0    9.407406e-06
1736.0    9.394887e-06
1737.0    9.382384e-06
1738.0    9.369897e-06
1739.0    9.357426e-06
1740.0    9.344970e-06
1741.0    9.332530e-06
1742.0    9.320106e-06
1743.0    9.307698e-06
1744.0    9.295305e-06
1745.0    9.282928e-06
1746.0    9.270566e-06
1747.0    9.258220e-06
1748.0    9.245889e-06
1749.0    9.233575e-06
1750.0    9.221276e-06
1751.0    9.208992e-06
1752.0    9.196724e-06
1753.0    9.184472e-06
1754.0    9.172236e-06
1755.0    9.160015e-06
1756.0    9.147810e-06
1757.0    9.135619e-06
1758.0    9.123444e-06
1759.0    9.111285e-06
1760.0    9.099142e-06
1761.0    9.087013e-06
1762.0    9.074900e-06
1763.0    9.062803e-06
1764.0    9.050721e-06
1765.0    9.038654e-06
1766.0    9.026603e-06
1767.0    9.014568e-06
1768.0    9.002547e-06
1769.0    8.990542e-06
1770.0    8.978552e-06
1771.0    8.966577e-06
1772.0    8.954618e-06
1773.0    8.942675e-06
1774.0    8.930746e-06
1775.0    8.918832e-06
1776.0    8.906935e-06
1777.0    8.895052e-06
1778.0    8.883184e-06
1779.0    8.871332e-06
1780.0    8.859495e-06
1781.0    8.847673e-06
1782.0    8.835866e-06
1783.0    8.824074e-06
1784.0    8.812298e-06
1785.0    8.800536e-06
1786.0    8.788790e-06
1787.0    8.777059e-06
1788.0    8.765343e-06
1789.0    8.753642e-06
1790.0    8.741956e-06
1791.0    8.730285e-06
1792.0    8.718629e-06
1793.0    8.706988e-06
1794.0    8.695362e-06
1795.0    8.683751e-06
1796.0    8.672156e-06
1797.0    8.660575e-06
1798.0    8.649009e-06
1799.0    8.637458e-06
1800.0    8.625921e-06
1801.0    8.614401e-06
1802.0    8.602894e-06
1803.0    8.591403e-06
1804.0    8.579926e-06
1805.0    8.568465e-06
1806.0    8.557017e-06
1807.0    8.545585e-06
1808.0    8.534169e-06
1809.0    8.522767e-06
1810.0    8.511379e-06
1811.0    8.500006e-06
1812.0    8.488648e-06
1813.0    8.477305e-06
1814.0    8.465976e-06
1815.0    8.454662e-06
1816.0    8.443363e-06
1817.0    8.432078e-06
1818.0    8.420809e-06
1819.0    8.409554e-06
1820.0    8.398314e-06
1821.0    8.387088e-06
1822.0    8.375877e-06
1823.0    8.364680e-06
1824.0    8.353498e-06
1825.0    8.342331e-06
1826.0    8.331178e-06
1827.0    8.320040e-06
1828.0    8.308916e-06
1829.0    8.297807e-06
1830.0    8.286712e-06
1831.0    8.275633e-06
1832.0    8.264566e-06
1833.0    8.253515e-06
1834.0    8.242479e-06
1835.0    8.231456e-06
1836.0    8.220448e-06
1837.0    8.209455e-06
1838.0    8.198476e-06
1839.0    8.187511e-06
1840.0    8.176560e-06
1841.0    8.165624e-06
1842.0    8.154703e-06
1843.0    8.143795e-06
1844.0    8.132902e-06
1845.0    8.122024e-06
1846.0    8.111160e-06
1847.0    8.100310e-06
1848.0    8.089473e-06
1849.0    8.078652e-06
1850.0    8.067845e-06
1851.0    8.057051e-06
1852.0    8.046272e-06
1853.0    8.035508e-06
1854.0    8.024758e-06
1855.0    8.014021e-06
1856.0    8.003300e-06
1857.0    7.992592e-06
1858.0    7.981897e-06
1859.0    7.971218e-06
1860.0    7.960552e-06
1861.0    7.949901e-06
1862.0    7.939263e-06
1863.0    7.928639e-06
1864.0    7.918030e-06
1865.0    7.907434e-06
1866.0    7.896853e-06
1867.0    7.886286e-06
1868.0    7.875732e-06
1869.0    7.865193e-06
1870.0    7.854667e-06
1871.0    7.844156e-06
1872.0    7.833658e-06
1873.0    7.823174e-06
1874.0    7.812705e-06
1875.0    7.802249e-06
1876.0    7.791807e-06
1877.0    7.781379e-06
1878.0    7.770964e-06
1879.0    7.760564e-06
1880.0    7.750178e-06
1881.0    7.739805e-06
1882.0    7.729446e-06
1883.0    7.719100e-06
1884.0    7.708769e-06
1885.0    7.698452e-06
1886.0    7.688148e-06
1887.0    7.677857e-06
1888.0    7.667581e-06
1889.0    7.657318e-06
1890.0    7.647068e-06
1891.0    7.636833e-06
1892.0    7.626611e-06
1893.0    7.616403e-06
1894.0    7.606209e-06
1895.0    7.596028e-06
1896.0    7.585860e-06
1897.0    7.575707e-06
1898.0    7.565567e-06
1899.0    7.555440e-06
1900.0    7.545327e-06
1901.0    7.535227e-06
1902.0    7.525141e-06
1903.0    7.515069e-06
1904.0    7.505010e-06
1905.0    7.494964e-06
1906.0    7.484932e-06
1907.0    7.474913e-06
1908.0    7.464909e-06
1909.0    7.454917e-06
1910.0    7.444938e-06
1911.0    7.434973e-06
1912.0    7.425021e-06
1913.0    7.415083e-06
1914.0    7.405158e-06
1915.0    7.395246e-06
1916.0    7.385348e-06
1917.0    7.375463e-06
1918.0    7.365591e-06
1919.0    7.355732e-06
1920.0    7.345887e-06
1921.0    7.336056e-06
1922.0    7.326237e-06
1923.0    7.316431e-06
1924.0    7.306639e-06
1925.0    7.296860e-06
1926.0    7.287094e-06
1927.0    7.277342e-06
1928.0    7.267602e-06
1929.0    7.257876e-06
1930.0    7.248163e-06
1931.0    7.238463e-06
1932.0    7.228776e-06
1933.0    7.219102e-06
1934.0    7.209441e-06
1935.0    7.199794e-06
1936.0    7.190158e-06
1937.0    7.180536e-06
1938.0    7.170928e-06
1939.0    7.161332e-06
1940.0    7.151749e-06
1941.0    7.142179e-06
1942.0    7.132623e-06
1943.0    7.123079e-06
1944.0    7.113547e-06
1945.0    7.104029e-06
1946.0    7.094525e-06
1947.0    7.085032e-06
1948.0    7.075553e-06
1949.0    7.066086e-06
1950.0    7.056632e-06
1951.0    7.047191e-06
1952.0    7.037763e-06
1953.0    7.028347e-06
1954.0    7.018945e-06
1955.0    7.009556e-06
1956.0    7.000178e-06
1957.0    6.990814e-06
1958.0    6.981462e-06
1959.0    6.972124e-06
1960.0    6.962798e-06
1961.0    6.953485e-06
1962.0    6.944184e-06
1963.0    6.934896e-06
1964.0    6.925620e-06
1965.0    6.916357e-06
1966.0    6.907108e-06
1967.0    6.897870e-06
1968.0    6.888645e-06
1969.0    6.879432e-06
1970.0    6.870233e-06
1971.0    6.861046e-06
1972.0    6.851870e-06
1973.0    6.842708e-06
1974.0    6.833559e-06
1975.0    6.824422e-06
1976.0    6.815297e-06
1977.0    6.806185e-06
1978.0    6.797085e-06
1979.0    6.787998e-06
1980.0    6.778923e-06
1981.0    6.769860e-06
1982.0    6.760810e-06
1983.0    6.751772e-06
1984.0    6.742747e-06
1985.0    6.733733e-06
1986.0    6.724733e-06
1987.0    6.715744e-06
1988.0    6.706768e-06
1989.0    6.697805e-06
1990.0    6.688853e-06
1991.0    6.679918e-06
1992.0    6.670996e-06
1993.0    6.662085e-06
1994.0    6.653186e-06
1995.0    6.644298e-06
1996.0    6.635420e-06
1997.0    6.626553e-06
1998.0    6.617695e-06
1999.0    6.608848e-06
2000.0    6.600010e-06
2001.0    6.591170e-06
2002.0    6.582340e-06
2003.0    6.573521e-06
2004.0    6.564711e-06
2005.0    6.555912e-06
2006.0    6.547123e-06
2007.0    6.538345e-06
2008.0    6.529580e-06
2009.0    6.520826e-06
2010.0    6.512083e-06
2011.0    6.503359e-06
2012.0    6.494648e-06
2013.0    6.485949e-06
2014.0    6.477262e-06
2015.0    6.468588e-06
2016.0    6.459926e-06
2017.0    6.451277e-06
2018.0    6.442640e-06
2019.0    6.434015e-06
2020.0    6.425403e-06
2021.0    6.416804e-06
2022.0    6.408216e-06
2023.0    6.399641e-06
2024.0    6.391078e-06
2025.0    6.382528e-06
2026.0    6.373990e-06
2027.0    6.365464e-06
2028.0    6.356952e-06
2029.0    6.348451e-06
2030.0    6.339962e-06
2031.0    6.331486e-06
2032.0    6.323022e-06
2033.0    6.314570e-06
2034.0    6.306131e-06
2035.0    6.297704e-06
2036.0    6.289289e-06
2037.0    6.280887e-06
2038.0    6.272496e-06
2039.0    6.264119e-06
2040.0    6.255753e-06
2041.0    6.247400e-06
2042.0    6.239058e-06
2043.0    6.230729e-06
2044.0    6.222412e-06
2045.0    6.214108e-06
2046.0    6.205816e-06
2047.0    6.197535e-06
2048.0    6.189267e-06
2049.0    6.181012e-06
2050.0    6.172767e-06
2051.0    6.164536e-06
2052.0    6.156317e-06
2053.0    6.148109e-06
2054.0    6.139914e-06
2055.0    6.131731e-06
2056.0    6.123560e-06
2057.0    6.115402e-06
2058.0    6.107256e-06
2059.0    6.099121e-06
2060.0    6.090998e-06
2061.0    6.082887e-06
2062.0    6.074789e-06
2063.0    6.066703e-06
2064.0    6.058629e-06
2065.0    6.050567e-06
2066.0    6.042517e-06
2067.0    6.034479e-06
2068.0    6.026452e-06
2069.0    6.018438e-06
2070.0    6.010436e-06
2071.0    6.002446e-06
2072.0    5.994468e-06
2073.0    5.986502e-06
2074.0    5.978548e-06
2075.0    5.970606e-06
2076.0    5.962676e-06
2077.0    5.954758e-06
2078.0    5.946852e-06
2079.0    5.938957e-06
2080.0    5.931075e-06
2081.0    5.923205e-06
2082.0    5.915345e-06
2083.0    5.907499e-06
2084.0    5.899664e-06
2085.0    5.891841e-06
2086.0    5.884030e-06
2087.0    5.876231e-06
2088.0    5.868444e-06
2089.0    5.860668e-06
2090.0    5.852905e-06
2091.0    5.845141e-06
2092.0    5.837390e-06
2093.0    5.829651e-06
2094.0    5.821928e-06
2095.0    5.814218e-06
2096.0    5.806524e-06
2097.0    5.798848e-06
2098.0    5.791187e-06
2099.0    5.783544e-06
2100.0    5.775920e-06
2101.0    5.768339e-06
2102.0    5.760776e-06
2103.0    5.753231e-06
2104.0    5.745703e-06
2105.0    5.738191e-06
2106.0    5.730696e-06
2107.0    5.723215e-06
2108.0    5.715748e-06
2109.0    5.708295e-06
2110.0    5.700855e-06
2111.0    5.693416e-06
2112.0    5.685989e-06
2113.0    5.678574e-06
2114.0    5.671172e-06
2115.0    5.663781e-06
2116.0    5.656402e-06
2117.0    5.649035e-06
2118.0    5.641681e-06
2119.0    5.634339e-06
2120.0    5.627008e-06
2121.0    5.619689e-06
2122.0    5.612381e-06
2123.0    5.605086e-06
2124.0    5.597804e-06
2125.0    5.590532e-06
2126.0    5.583272e-06
2127.0    5.576024e-06
2128.0    5.568788e-06
2129.0    5.561562e-06
2130.0    5.554350e-06
2131.0    5.547149e-06
2132.0    5.539958e-06
2133.0    5.532779e-06
2134.0    5.525613e-06
2135.0    5.518457e-06
2136.0    5.511313e-06
2137.0    5.504180e-06
2138.0    5.497059e-06
2139.0    5.489949e-06
2140.0    5.482851e-06
2141.0    5.475764e-06
2142.0    5.468688e-06
2143.0    5.461623e-06
2144.0    5.454569e-06
2145.0    5.447528e-06
2146.0    5.440496e-06
2147.0    5.433476e-06
2148.0    5.426468e-06
2149.0    5.419470e-06
2150.0    5.412483e-06
2151.0    5.405508e-06
2152.0    5.398543e-06
2153.0    5.391589e-06
2154.0    5.384646e-06
2155.0    5.377714e-06
2156.0    5.370792e-06
2157.0    5.363883e-06
2158.0    5.356983e-06
2159.0    5.350094e-06
2160.0    5.343216e-06
2161.0    5.336350e-06
2162.0    5.329492e-06
2163.0    5.322647e-06
2164.0    5.315812e-06
2165.0    5.308988e-06
2166.0    5.302173e-06
2167.0    5.295370e-06
2168.0    5.288577e-06
2169.0    5.281794e-06
2170.0    5.275022e-06
2171.0    5.268261e-06
2172.0    5.261510e-06
2173.0    5.254769e-06
2174.0    5.248039e-06
2175.0    5.241318e-06
2176.0    5.234608e-06
2177.0    5.227908e-06
2178.0    5.221218e-06
2179.0    5.214540e-06
2180.0    5.207870e-06
2181.0    5.201212e-06
2182.0    5.194563e-06
2183.0    5.187924e-06
2184.0    5.181295e-06
2185.0    5.174677e-06
2186.0    5.168067e-06
2187.0    5.161469e-06
2188.0    5.154880e-06
2189.0    5.148301e-06
2190.0    5.141732e-06
2191.0    5.135172e-06
2192.0    5.128623e-06
2193.0    5.122084e-06
2194.0    5.115553e-06
2195.0    5.109033e-06
2196.0    5.102523e-06
2197.0    5.096022e-06
2198.0    5.089531e-06
2199.0    5.083050e-06
2200.0    5.076577e-06
2201.0    5.070114e-06
2202.0    5.063661e-06
2203.0    5.057218e-06
2204.0    5.050783e-06
2205.0    5.044359e-06
2206.0    5.037944e-06
2207.0    5.031538e-06
2208.0    5.025142e-06
2209.0    5.018754e-06
2210.0    5.012376e-06
2211.0    5.006007e-06
2212.0    4.999648e-06
2213.0    4.993298e-06
2214.0    4.986957e-06
2215.0    4.980625e-06
2216.0    4.974302e-06
2217.0    4.967989e-06
2218.0    4.961684e-06
2219.0    4.955388e-06
2220.0    4.949101e-06
2221.0    4.942824e-06
2222.0    4.936555e-06
2223.0    4.930295e-06
2224.0    4.924043e-06
2225.0    4.917801e-06
2226.0    4.911567e-06
2227.0    4.905343e-06
2228.0    4.899127e-06
2229.0    4.892920e-06
2230.0    4.886721e-06
2231.0    4.880532e-06
2232.0    4.874350e-06
2233.0    4.868177e-06
2234.0    4.862014e-06
2235.0    4.855859e-06
2236.0    4.849711e-06
2237.0    4.843573e-06
2238.0    4.837442e-06
2239.0    4.831321e-06
2240.0    4.825208e-06
2241.0    4.819103e-06
2242.0    4.813006e-06
2243.0    4.806919e-06
2244.0    4.800839e-06
2245.0    4.794766e-06
2246.0    4.788704e-06
2247.0    4.782648e-06
2248.0    4.776601e-06
2249.0    4.770562e-06
2250.0    4.764531e-06
2251.0    4.758509e-06
2252.0    4.752494e-06
2253.0    4.746487e-06
2254.0    4.740489e-06
2255.0    4.734498e-06
2256.0    4.728515e-06
2257.0    4.722540e-06
2258.0    4.716573e-06
2259.0    4.710613e-06
2260.0    4.704662e-06
2261.0    4.698719e-06
2262.0    4.692782e-06
2263.0    4.686855e-06
2264.0    4.680933e-06
2265.0    4.675021e-06
2266.0    4.669116e-06
2267.0    4.663218e-06
2268.0    4.657328e-06
2269.0    4.651446e-06
2270.0    4.645570e-06
2271.0    4.639702e-06
2272.0    4.633842e-06
2273.0    4.627990e-06
2274.0    4.622145e-06
2275.0    4.616307e-06
2276.0    4.610477e-06
2277.0    4.604654e-06
2278.0    4.598837e-06
2279.0    4.593030e-06
2280.0    4.587228e-06
2281.0    4.581434e-06
2282.0    4.575646e-06
2283.0    4.569867e-06
2284.0    4.564094e-06
2285.0    4.558328e-06
2286.0    4.552569e-06
2287.0    4.546817e-06
2288.0    4.541072e-06
2289.0    4.535334e-06
2290.0    4.529603e-06
2291.0    4.523869e-06
2292.0    4.518142e-06
2293.0    4.512425e-06
2294.0    4.506715e-06
2295.0    4.501014e-06
2296.0    4.495323e-06
2297.0    4.489642e-06
2298.0    4.483972e-06
2299.0    4.478315e-06
2300.0    4.472668e-06
2301.0    4.467056e-06
2302.0    4.461455e-06
2303.0    4.455865e-06
2304.0    4.450286e-06
2305.0    4.444717e-06
2306.0    4.439156e-06
2307.0    4.433605e-06
2308.0    4.428059e-06
2309.0    4.422523e-06
2310.0    4.416991e-06
2311.0    4.411454e-06
2312.0    4.405923e-06
2313.0    4.400397e-06
2314.0    4.394877e-06
2315.0    4.389361e-06
2316.0    4.383851e-06
2317.0    4.378346e-06
2318.0    4.372847e-06
2319.0    4.367351e-06
2320.0    4.361862e-06
2321.0    4.356377e-06
2322.0    4.350897e-06
2323.0    4.345422e-06
2324.0    4.339953e-06
2325.0    4.334488e-06
2326.0    4.329027e-06
2327.0    4.323572e-06
2328.0    4.318121e-06
2329.0    4.312675e-06
2330.0    4.307232e-06
2331.0    4.301795e-06
2332.0    4.296363e-06
2333.0    4.290934e-06
2334.0    4.285510e-06
2335.0    4.280090e-06
2336.0    4.274675e-06
2337.0    4.269263e-06
2338.0    4.263856e-06
2339.0    4.258453e-06
2340.0    4.253054e-06
2341.0    4.247659e-06
2342.0    4.242269e-06
2343.0    4.236882e-06
2344.0    4.231498e-06
2345.0    4.226120e-06
2346.0    4.220744e-06
2347.0    4.215372e-06
2348.0    4.210005e-06
2349.0    4.204639e-06
2350.0    4.199279e-06
2351.0    4.193922e-06
2352.0    4.188568e-06
2353.0    4.183218e-06
2354.0    4.177871e-06
2355.0    4.172527e-06
2356.0    4.167187e-06
2357.0    4.161849e-06
2358.0    4.156516e-06
2359.0    4.151185e-06
2360.0    4.145857e-06
2361.0    4.140532e-06
2362.0    4.135211e-06
2363.0    4.129892e-06
2364.0    4.124577e-06
2365.0    4.119264e-06
2366.0    4.113953e-06
2367.0    4.108647e-06
2368.0    4.103342e-06
2369.0    4.098040e-06
2370.0    4.092741e-06
2371.0    4.087444e-06
2372.0    4.082150e-06
2373.0    4.076858e-06
2374.0    4.071569e-06
2375.0    4.066281e-06
2376.0    4.060997e-06
2377.0    4.055714e-06
2378.0    4.050434e-06
2379.0    4.045156e-06
2380.0    4.039881e-06
2381.0    4.034607e-06
2382.0    4.029336e-06
2383.0    4.024066e-06
2384.0    4.018798e-06
2385.0    4.013532e-06
2386.0    4.008268e-06
2387.0    4.003005e-06
2388.0    3.997745e-06
2389.0    3.992486e-06
2390.0    3.987229e-06
2391.0    3.981973e-06
2392.0    3.976720e-06
2393.0    3.971467e-06
2394.0    3.966216e-06
2395.0    3.960966e-06
2396.0    3.955718e-06
2397.0    3.950471e-06
2398.0    3.945225e-06
2399.0    3.939980e-06
2400.0    3.934737e-06
2401.0    3.929494e-06
2402.0    3.924253e-06
2403.0    3.919013e-06
2404.0    3.913774e-06
2405.0    3.908536e-06
2406.0    3.903298e-06
2407.0    3.898062e-06
2408.0    3.892826e-06
2409.0    3.887590e-06
2410.0    3.882356e-06
2411.0    3.877123e-06
2412.0    3.871889e-06
2413.0    3.866656e-06
2414.0    3.861424e-06
2415.0    3.856192e-06
2416.0    3.850960e-06
2417.0    3.845729e-06
2418.0    3.840498e-06
2419.0    3.835267e-06
2420.0    3.830037e-06
2421.0    3.824807e-06
2422.0    3.819576e-06
2423.0    3.814346e-06
2424.0    3.809116e-06
2425.0    3.803886e-06
2426.0    3.798655e-06
2427.0    3.793425e-06
2428.0    3.788194e-06
2429.0    3.782962e-06
2430.0    3.777731e-06
2431.0    3.772499e-06
2432.0    3.767267e-06
2433.0    3.762035e-06
2434.0    3.756802e-06
2435.0    3.751568e-06
2436.0    3.746334e-06
2437.0    3.741100e-06
2438.0    3.735863e-06
2439.0    3.730628e-06
2440.0    3.725390e-06
2441.0    3.720153e-06
2442.0    3.714913e-06
2443.0    3.709674e-06
2444.0    3.704433e-06
2445.0    3.699191e-06
2446.0    3.693948e-06
2447.0    3.688705e-06
2448.0    3.683460e-06
2449.0    3.678214e-06
2450.0    3.672966e-06
2451.0    3.667717e-06
2452.0    3.662467e-06
2453.0    3.657215e-06
2454.0    3.651961e-06
2455.0    3.646707e-06
2456.0    3.641451e-06
2457.0    3.636193e-06
2458.0    3.630934e-06
2459.0    3.625672e-06
2460.0    3.620409e-06
2461.0    3.615144e-06
2462.0    3.609877e-06
2463.0    3.604608e-06
2464.0    3.599338e-06
2465.0    3.594065e-06
2466.0    3.588791e-06
2467.0    3.583514e-06
2468.0    3.578235e-06
2469.0    3.572954e-06
2470.0    3.567670e-06
2471.0    3.562385e-06
2472.0    3.557097e-06
2473.0    3.551806e-06
2474.0    3.546513e-06
2475.0    3.541218e-06
2476.0    3.535921e-06
2477.0    3.530620e-06
2478.0    3.525317e-06
2479.0    3.520011e-06
2480.0    3.514702e-06
2481.0    3.509391e-06
2482.0    3.504076e-06
2483.0    3.498759e-06
2484.0    3.493439e-06
2485.0    3.488116e-06
2486.0    3.482790e-06
2487.0    3.477460e-06
2488.0    3.472128e-06
2489.0    3.466793e-06
2490.0    3.461454e-06
2491.0    3.456112e-06
2492.0    3.450767e-06
2493.0    3.445418e-06
2494.0    3.440066e-06
2495.0    3.434711e-06
2496.0    3.429352e-06
2497.0    3.423989e-06
2498.0    3.418623e-06
2499.0    3.413253e-06
2500.0    3.407880e-06
